version https://git-lfs.github.com/spec/v1
oid sha256:19e89f40c2f7112620b8d985e0ab05d2a4592cde729f1c1ae56029b597fc7207
size 53521646
